4.543780386447906494e-01 -1.424627900123596191e-01 5.362000000000000099e-01
4.530077576637268066e-01 -1.355515867471694946e-01 5.362000000000000099e-01
4.554398059844970703e-01 -1.256410330533981323e-01 5.362000000000000099e-01
4.573030173778533936e-01 -1.196086853742599487e-01 5.362000000000000099e-01
4.583958089351654053e-01 -1.106788069009780884e-01 5.362000000000000099e-01
4.589186310768127441e-01 -1.019718945026397705e-01 5.362000000000000099e-01
4.601449966430664062e-01 -9.569210559129714966e-02 5.362000000000000099e-01
4.601883888244628906e-01 -8.512533456087112427e-02 5.362000000000000099e-01
4.611764848232269287e-01 -7.848221808671951294e-02 5.362000000000000099e-01
4.623740911483764648e-01 -7.287978380918502808e-02 5.362000000000000099e-01
4.629140198230743408e-01 -6.770241260528564453e-02 5.362000000000000099e-01
4.629168510437011719e-01 -5.600578337907791138e-02 5.362000000000000099e-01
4.628670811653137207e-01 -4.626304656267166138e-02 5.362000000000000099e-01
4.617328941822052002e-01 -3.802663087844848633e-02 5.362000000000000099e-01
4.613094925880432129e-01 -3.137623146176338196e-02 5.362000000000000099e-01
4.611405134201049805e-01 -2.123512327671051025e-02 5.362000000000000099e-01
4.589312672615051270e-01 -1.282849162817001343e-02 5.362000000000000099e-01
4.599053859710693359e-01 -6.144743412733078003e-03 5.362000000000000099e-01
4.597169756889343262e-01 6.313938647508621216e-04 5.362000000000000099e-01
4.580181837081909180e-01 1.079050824046134949e-02 5.362000000000000099e-01
4.581232368946075439e-01 1.487434096634387970e-02 5.362000000000000099e-01
4.572112560272216797e-01 2.361566759645938873e-02 5.362000000000000099e-01
4.555096924304962158e-01 3.164016455411911011e-02 5.362000000000000099e-01
4.548739492893218994e-01 3.813114389777183533e-02 5.362000000000000099e-01
4.516713023185729980e-01 4.845543950796127319e-02 5.362000000000000099e-01
4.501749575138092041e-01 5.608217790722846985e-02 5.362000000000000099e-01
4.488566815853118896e-01 6.177874654531478882e-02 5.362000000000000099e-01
4.462189078330993652e-01 7.091017812490463257e-02 5.362000000000000099e-01
4.451508820056915283e-01 7.771639525890350342e-02 5.362000000000000099e-01
4.434152841567993164e-01 8.499756455421447754e-02 5.362000000000000099e-01
4.397579133510589600e-01 9.326653927564620972e-02 5.362000000000000099e-01
4.356461763381958008e-01 1.033418774604797363e-01 5.362000000000000099e-01
4.337442517280578613e-01 1.095884293317794800e-01 5.362000000000000099e-01
4.303436279296875000e-01 1.166369467973709106e-01 5.362000000000000099e-01
4.279954731464385986e-01 1.228344142436981201e-01 5.362000000000000099e-01
4.272451996803283691e-01 1.280376315116882324e-01 5.362000000000000099e-01
4.231781959533691406e-01 1.370264738798141479e-01 5.362000000000000099e-01
4.191541075706481934e-01 1.451070159673690796e-01 5.362000000000000099e-01
4.158682823181152344e-01 1.524460911750793457e-01 5.362000000000000099e-01
4.127466380596160889e-01 1.587573140859603882e-01 5.362000000000000099e-01
4.070251584053039551e-01 1.673148572444915771e-01 5.362000000000000099e-01
4.059201776981353760e-01 1.715582758188247681e-01 5.362000000000000099e-01
4.013144075870513916e-01 1.794822663068771362e-01 5.362000000000000099e-01
3.967333137989044189e-01 1.855749189853668213e-01 5.362000000000000099e-01
3.906093835830688477e-01 1.945757865905761719e-01 5.362000000000000099e-01
3.898327350616455078e-01 1.999687105417251587e-01 5.362000000000000099e-01
3.865883946418762207e-01 2.045616209506988525e-01 5.362000000000000099e-01
3.799663186073303223e-01 2.141547054052352905e-01 5.362000000000000099e-01
3.761006295680999756e-01 2.188356369733810425e-01 5.362000000000000099e-01
3.663423061370849609e-01 2.292080223560333252e-01 5.362000000000000099e-01
